TTGA 0.000000 0.399861 0.067713 0.467574 0.532426
CTAG 0.000000 0.246926 0.101355 0.348281 0.651719
TTTT 0.000000 0.605595 0.011575 0.617170 0.382830
TGTC 0.000000 0.577802 0.026601 0.604403 0.395597
CTCA 0.000000 0.280256 0.107649 0.387905 0.612095
TTGC 0.000000 0.345020 0.066936 0.411956 0.588044
TGAG 0.000000 0.148050 0.028305 0.176355 0.823645
TGCA 0.000000 0.425002 0.019164 0.444166 0.555834
CTTG 0.000000 0.904895 0.028211 0.933106 0.066894
CTCC 0.000000 0.207685 0.076846 0.284531 0.715469
TGTG 0.000000 0.598123 0.138036 0.736158 0.263842
TGCC 0.000000 0.193003 0.069706 0.262709 0.737291
TTCT 0.000000 0.262050 0.040560 0.302610 0.697390
TTGG 0.000000 0.392854 0.076609 0.469464 0.530536
CTCG 0.000000 0.190610 0.025182 0.215793 0.784207
TGCG 0.000000 0.141419 0.119506 0.260924 0.739076
CAGT 0.000000 0.212819 0.018176 0.230995 0.769005
TCAA 0.000000 0.340224 0.052799 0.393024 0.606976
CGAA 0.000000 0.208083 0.016055 0.224138 0.775862
AAAA 0.000000 0.833021 0.015773 0.848794 0.151206
TCAC 0.000000 0.311852 0.144201 0.456053 0.543947
CTAT 0.000000 0.211103 0.241235 0.452338 0.547662
CGAC 0.000000 0.488369 0.078254 0.566622 0.433378
TCTA 0.000000 0.693904 0.079586 0.773489 0.226511
CGTA 0.000000 0.363280 0.019975 0.383255 0.616745
AAAC 0.000000 0.915816 0.012935 0.928751 0.071249
AATA 0.000000 0.357393 0.204082 0.561476 0.438524
TGAT 0.000000 0.463432 0.102727 0.566160 0.433840
CTGA 0.000000 0.351191 0.146430 0.497621 0.502379
CGTC 0.000000 0.579610 0.121085 0.700695 0.299305
TCTC 0.000000 0.693020 0.047868 0.740888 0.259112
CTTT 0.000000 0.285532 0.029557 0.315089 0.684911
AATC 0.000000 0.642649 0.130604 0.773253 0.226747
CTGC 0.000000 0.291020 0.108122 0.399142 0.600858
TGGA 0.000000 0.720034 0.021473 0.741507 0.258493
TCAG 0.000000 0.195593 0.013952 0.209545 0.790455
CGAG 0.000000 0.184427 0.017469 0.201896 0.798104
TCCA 0.000000 0.353354 0.059977 0.413331 0.586669
TGTT 0.000000 0.133752 0.020454 0.154206 0.845794
CGCA 0.000000 0.636394 0.061632 0.698026 0.301974
AAAG 0.000000 0.756310 0.019250 0.775560 0.224440
TTGT 0.000000 0.245080 0.100392 0.345472 0.654527
TGGC 0.000000 0.587583 0.032777 0.620360 0.379640
AACA 0.000000 0.261002 0.166072 0.427073 0.572927
TCCC 0.000000 0.272974 0.055121 0.328095 0.671905
TCTG 0.000000 0.785705 0.076285 0.861991 0.138009
CTCT 0.000000 0.402952 0.044240 0.447192 0.552808
CGTG 0.000000 0.352202 0.130081 0.482282 0.517718
CGCC 0.000000 0.203386 0.011104 0.214490 0.785510
CTGG 0.000000 0.292530 0.083897 0.376428 0.623572
AACC 0.000000 0.271520 0.058813 0.330333 0.669667
AATG 0.000000 0.548301 0.038196 0.586497 0.413503
TGCT 0.000000 0.179759 0.042325 0.222084 0.777916
TGGG 0.000000 0.589327 0.083221 0.672548 0.327452
TCCG 0.000000 0.355149 0.065431 0.420580 0.579420
CGCG 0.000000 0.406130 0.042641 0.448771 0.551229
AACG 0.000000 0.306068 0.010354 0.316422 0.683578
CCAA 0.000000 0.322892 0.040706 0.363599 0.636401
CCAC 0.000000 0.391020 0.060149 0.451169 0.548831
GAAA 0.000000 0.435708 0.020515 0.456223 0.543777
CCTA 0.000000 0.710516 0.042764 0.753280 0.246720
TCAT 0.000000 0.391954 0.175342 0.567296 0.432704
CGAT 0.000000 0.713218 0.016064 0.729282 0.270718
GAAC 0.000000 0.702288 0.016161 0.718450 0.281550
CCTC 0.000000 0.274237 0.062085 0.336322 0.663678
AAAT 0.000000 0.868880 0.033778 0.902659 0.097341
TCGA 0.000000 0.395144 0.007524 0.402668 0.597332
GATA 0.000000 0.342544 0.094680 0.437224 0.562776
CGGA 0.000000 0.437266 0.005365 0.442630 0.557370
CCAG 0.000000 0.216373 0.009779 0.226152 0.773848
CGTT 0.000000 0.217723 0.051565 0.269288 0.730712
TCTT 0.000000 0.139722 0.000855 0.140577 0.859423
CCCA 0.000000 0.893250 0.015458 0.908708 0.091292
AAGA 0.000000 0.399886 0.011310 0.411196 0.588804
GATC 0.000000 0.622023 0.063169 0.685193 0.314807
AATT 0.000000 0.220898 0.120765 0.341663 0.658337
TCGC 0.000000 0.271682 0.251275 0.522957 0.477043
CTGT 0.000000 0.254427 0.188732 0.443159 0.556841
CGGC 0.000000 0.569733 0.076011 0.645744 0.354256
CCCC 0.000000 0.576278 0.037710 0.613989 0.386011
GAAG 0.000000 0.741076 0.005766 0.746842 0.253158
CCTG 0.000000 0.678652 0.041736 0.720388 0.279612
AAGC 0.000000 0.168238 0.010632 0.178869 0.821131
TGGT 0.000000 0.648335 0.111807 0.760142 0.239858
GACA 0.000000 0.205128 0.045792 0.250920 0.749080
ATAA 0.000000 0.369557 0.113774 0.483332 0.516668
TCCT 0.000000 0.736917 0.030528 0.767445 0.232555
CGCT 0.000000 0.544558 0.016012 0.560570 0.439430
ATAC 0.000000 0.216010 0.081054 0.297063 0.702937
TCGG 0.000000 0.213839 0.071099 0.284938 0.715062
GATG 0.000000 0.472813 0.055583 0.528395 0.471605
GACC 0.000000 0.307344 0.077027 0.384371 0.615629
CGGG 0.000000 0.697603 0.080425 0.778027 0.221973
AACT 0.000000 0.472217 0.110260 0.582478 0.417522
ATTA 0.000000 0.741208 0.075932 0.817140 0.182860
CCCG 0.000000 0.855503 0.010327 0.865830 0.134170
AAGG 0.000000 0.286494 0.028461 0.314955 0.685045
ATTC 0.000000 0.883770 0.013065 0.896836 0.103164
GACG 0.000000 0.220322 0.012858 0.233180 0.766820
ATAG 0.000000 0.141251 0.071585 0.212835 0.787165
ATCA 0.000000 0.333229 0.164977 0.498206 0.501794
ATTG 0.000000 0.732467 0.015648 0.748115 0.251885
ATCC 0.000000 0.253096 0.194098 0.447195 0.552805
CCAT 0.000000 0.504569 0.189251 0.693820 0.306180
CCGA 0.000000 0.238709 0.016977 0.255685 0.744315
GAAT 0.000000 0.849222 0.022087 0.871309 0.128691
CCTT 0.000000 0.112172 0.006098 0.118270 0.881730
ATCG 0.000000 0.266844 0.011913 0.278758 0.721242
CCGC 0.000000 0.301766 0.212704 0.514471 0.485529
GAGA 0.000000 0.262671 0.067270 0.329940 0.670060
GATT 0.000000 0.207151 0.071842 0.278993 0.721007
TCGT 0.000000 0.525952 0.097289 0.623241 0.376759
CGGT 0.000000 0.748969 0.124356 0.873325 0.126675
GAGC 0.000000 0.153604 0.015472 0.169076 0.830924
CCCT 0.000000 0.899977 0.008630 0.908607 0.091393
AAGT 0.000000 0.445208 0.120105 0.565313 0.434687
GTAA 0.000000 0.286952 0.103703 0.390655 0.609345
CCGG 0.000000 0.271647 0.119766 0.391413 0.608587
AGAA 0.000000 0.321332 0.014449 0.335781 0.664219
GTAC 0.000000 0.319974 0.062841 0.382815 0.617185
ATAT 0.000000 0.392532 0.261543 0.654074 0.345926
GACT 0.000000 0.345308 0.028442 0.373750 0.626250
AGAC 0.000000 0.226704 0.045483 0.272187 0.727813
AGTA 0.000000 0.321612 0.139047 0.460659 0.539341
GTTA 0.000000 0.821873 0.025933 0.847805 0.152195
GAGG 0.000000 0.324533 0.035640 0.360173 0.639827
ATGA 0.000000 0.349155 0.140533 0.489688 0.510312
GTTC 0.000000 0.822079 0.019458 0.841537 0.158463
ATTT 0.000000 0.535668 0.023474 0.559142 0.440858
AGTC 0.000000 0.587537 0.081648 0.669185 0.330815
GTAG 0.000000 0.265383 0.198920 0.464303 0.535697
ATGC 0.000000 0.373577 0.127332 0.500909 0.499091
AGAG 0.000000 0.287294 0.008575 0.295869 0.704131
GTCA 0.000000 0.268135 0.080653 0.348788 0.651212
AGCA 0.000000 0.599798 0.023567 0.623365 0.376635
GTCC 0.000000 0.244470 0.187346 0.431815 0.568185
ATCT 0.000000 0.200228 0.044287 0.244515 0.755485
GTTG 0.000000 0.933032 0.014249 0.947280 0.052719
AGTG 0.000000 0.360582 0.049599 0.410182 0.589818
AGCC 0.000000 0.312916 0.032753 0.345669 0.654331
ATGG 0.000000 0.300508 0.048029 0.348537 0.651463
GTCG 0.000000 0.269813 0.058243 0.328055 0.671945
CCGT 0.000000 0.549443 0.123756 0.673199 0.326801
AGCG 0.000000 0.272406 0.036577 0.308983 0.691017
ACAA 0.000000 0.343234 0.028353 0.371587 0.628413
GAGT 0.000000 0.384501 0.072586 0.457087 0.542913
GGAA 0.000000 0.295633 0.004096 0.299729 0.700271
ACAC 0.000000 0.209223 0.141927 0.351150 0.648850
ACTA 0.000000 0.507772 0.108086 0.615858 0.384142
GTAT 0.000000 0.203966 0.335998 0.539964 0.460036
GGAC 0.000000 0.448383 0.033569 0.481952 0.518048
AGAT 0.000000 0.297645 0.013520 0.311165 0.688835
GGTA 0.000000 0.487861 0.053109 0.540971 0.459029
ACTC 0.000000 0.300040 0.115486 0.415526 0.584474
GTGA 0.000000 0.387399 0.055434 0.442834 0.557166
ACAG 0.000000 0.199282 0.026470 0.225752 0.774248
AGGA 0.000000 0.841816 0.001239 0.843055 0.156945
GTTT 0.000000 0.344477 0.098406 0.442883 0.557117
GGTC 0.000000 0.478658 0.121112 0.599769 0.400231
AGTT 0.000000 0.235793 0.089820 0.325613 0.674387
ACCA 0.000000 0.747412 0.080451 0.827863 0.172137
ATGT 0.000000 0.214134 0.170294 0.384428 0.615572
GTGC 0.000000 0.273244 0.378206 0.651450 0.348550
GGAG 0.000000 0.515315 0.010481 0.525796 0.474204
AGGC 0.000000 0.604520 0.024047 0.628567 0.371433
GGCA 0.000000 0.477938 0.025433 0.503372 0.496628
ACCC 0.000000 0.491016 0.049055 0.540071 0.459929
ACTG 0.000000 0.505498 0.075745 0.581243 0.418757
GGCC 0.000000 0.294035 0.066667 0.360702 0.639298
GTCT 0.000000 0.243859 0.144158 0.388016 0.611984
GGTG 0.000000 0.379848 0.090082 0.469930 0.530070
AGCT 0.000000 0.432899 0.033445 0.466344 0.533656
GTGG 0.000000 0.337808 0.099306 0.437114 0.562886
AGGG 0.000000 0.661119 0.029888 0.691007 0.308993
ACCG 0.000000 0.645644 0.015817 0.661460 0.338540
TAAA 0.000000 0.593830 0.184709 0.778539 0.221461
GGCG 0.000000 0.354387 0.072844 0.427232 0.572768
TAAC 0.000000 0.700282 0.061631 0.761913 0.238087
TATA 0.000000 0.683267 0.077427 0.760694 0.239306
GCAA 0.000000 0.291246 0.046237 0.337483 0.662517
ACAT 0.000000 0.424706 0.206011 0.630717 0.369283
TATC 0.000000 0.559327 0.012796 0.572123 0.427877
GCAC 0.000000 0.280062 0.119912 0.399974 0.600026
TAAG 0.000000 0.500468 0.073287 0.573754 0.426246
GCTA 0.000000 0.539472 0.090955 0.630427 0.369574
GGAT 0.000000 0.464747 0.034272 0.499019 0.500981
TACA 0.000000 0.243012 0.214242 0.457254 0.542746
ACGA 0.000000 0.228312 0.008725 0.237037 0.762963
GCTC 0.000000 0.459137 0.031687 0.490824 0.509176
ACTT 0.000000 0.184413 0.018613 0.203025 0.796975
TATG 0.000000 0.697511 0.011759 0.709270 0.290730
TACC 0.000000 0.276496 0.127607 0.404103 0.595897
GGGA 0.000000 0.867203 0.005091 0.872294 0.127706
GCAG 0.000000 0.314844 0.045178 0.360022 0.639978
ACGC 0.000000 0.179317 0.125647 0.304964 0.695036
GCCA 0.000000 0.641511 0.010758 0.652269 0.347731
GGTT 0.000000 0.229800 0.101313 0.331113 0.668887
GTGT 0.000000 0.281899 0.501512 0.783410 0.216590
GGGC 0.000000 0.741850 0.029300 0.771150 0.228850
AGGT 0.000000 0.764336 0.023635 0.787972 0.212028
GCCC 0.000000 0.367026 0.074421 0.441446 0.558554
GCTG 0.000000 0.671440 0.067797 0.739237 0.260763
ACCT 0.000000 0.774422 0.024667 0.799089 0.200911
TACG 0.000000 0.158193 0.013945 0.172138 0.827862
ACGG 0.000000 0.311733 0.101862 0.413595 0.586405
GGCT 0.000000 0.489269 0.037659 0.526929 0.473071
GGGG 0.000000 0.839311 0.036888 0.876199 0.123801
CAAA 0.000000 0.576621 0.047428 0.624049 0.375951
GCCG 0.000000 0.625888 0.051216 0.677104 0.322896
CAAC 0.000000 0.746148 0.113822 0.859970 0.140030
CATA 0.000000 0.348622 0.101580 0.450202 0.549798
TAAT 0.000000 0.705516 0.084747 0.790263 0.209737
CATC 0.000000 0.480638 0.105882 0.586520 0.413480
TAGA 0.000000 0.278602 0.054866 0.333468 0.666532
CAAG 0.000000 0.594414 0.015623 0.610037 0.389963
TATT 0.000000 0.293762 0.031503 0.325265 0.674735
GCAT 0.000000 0.431818 0.090977 0.522795 0.477205
CACA 0.000000 0.491356 0.137772 0.629129 0.370871
TAGC 0.000000 0.258770 0.013064 0.271835 0.728165
TTAA 0.000000 0.307267 0.160835 0.468102 0.531898
GCGA 0.000000 0.261642 0.017765 0.279406 0.720594
CATG 0.000000 0.583868 0.029851 0.613719 0.386281
CACC 0.000000 0.163487 0.014740 0.178227 0.821773
GCTT 0.000000 0.175824 0.006163 0.181987 0.818013
TACT 0.000000 0.161751 0.027443 0.189194 0.810806
ACGT 0.000000 0.506904 0.114806 0.621710 0.378290
TTAC 0.000000 0.339886 0.086715 0.426601 0.573399
GCGC 0.000000 0.315045 0.453736 0.768781 0.231219
TTTA 0.000000 0.864234 0.020585 0.884819 0.115181
TAGG 0.000000 0.291798 0.031419 0.323217 0.676783
GGGT 0.000000 0.880379 0.065951 0.946330 0.053670
CACG 0.000000 0.391090 0.025149 0.416239 0.583761
TTTC 0.000000 0.888433 0.006108 0.894540 0.105459
GCCT 0.000000 0.726553 0.009739 0.736292 0.263708
GCGG 0.000000 0.451552 0.135953 0.587505 0.412495
TTAG 0.000000 0.343669 0.182773 0.526443 0.473557
TTCA 0.000000 0.184129 0.142929 0.327057 0.672943
TTCC 0.000000 0.204173 0.069330 0.273503 0.726497
TTTG 0.000000 0.949328 0.013114 0.962441 0.037559
CAAT 0.000000 0.831524 0.058129 0.889653 0.110347
CAGA 0.000000 0.170779 0.014736 0.185516 0.814484
CATT 0.000000 0.178911 0.037729 0.216641 0.783359
TTCG 0.000000 0.280017 0.028427 0.308444 0.691556
CAGC 0.000000 0.262294 0.018564 0.280859 0.719141
CTAA 0.000000 0.351971 0.121350 0.473321 0.526679
TAGT 0.000000 0.330982 0.061695 0.392677 0.607323
CACT 0.000000 0.434677 0.025440 0.460117 0.539883
TGAA 0.000000 0.320358 0.023340 0.343698 0.656302
CTAC 0.000000 0.282355 0.065903 0.348258 0.651742
CTTA 0.000000 0.823912 0.022243 0.846155 0.153845
CAGG 0.000000 0.211440 0.014189 0.225629 0.774371
TTAT 0.000000 0.173864 0.212949 0.386813 0.613187
GCGT 0.000000 0.714503 0.139564 0.854067 0.145933
TGAC 0.000000 0.573553 0.041415 0.614968 0.385032
TGTA 0.000000 0.679189 0.109990 0.789179 0.210821
CTTC 0.000000 0.829348 0.020070 0.849418 0.150582
AVG 0.000000 0.434942 0.072002 0.506945 0.493055
