TTGA 0.006508 0.007539 0.009507 0.017047 0.982953
CTAG 0.006357 0.009778 0.009520 0.019298 0.980702
TTTT 0.008718 0.004572 0.010957 0.015529 0.984471
TGTC 0.007379 0.013083 0.030840 0.043923 0.956077
CTCA 0.008183 0.014925 0.015501 0.030426 0.969574
TTGC 0.005369 0.012826 0.010127 0.022952 0.977048
TGAG 0.009963 0.017456 0.005356 0.022812 0.977188
TGCA 0.005877 0.004487 0.016499 0.020987 0.979013
CTTG 0.003720 0.009650 0.025956 0.035606 0.964394
CTCC 0.007690 0.001031 0.004101 0.005132 0.994868
TGTG 0.005494 0.006590 0.017697 0.024288 0.975712
TGCC 0.007109 0.005245 0.012233 0.017478 0.982522
TTCT 0.010153 0.020992 0.000796 0.021787 0.978213
TTGG 0.002263 0.001704 0.006599 0.008303 0.991697
CTCG 0.005976 0.018540 0.028601 0.047141 0.952859
TGCG 0.003852 0.015565 0.032301 0.047866 0.952134
CAGT 0.008357 0.008165 0.008142 0.016308 0.983692
TCAA 0.001823 0.000968 0.010166 0.011134 0.988866
CGAA 0.002407 0.001905 0.003902 0.005807 0.994193
AAAA 0.003245 0.001990 0.011570 0.013560 0.986440
TCAC 0.009306 0.007279 0.006003 0.013282 0.986718
CTAT 0.008152 0.009110 0.005684 0.014794 0.985206
CGAC 0.005830 0.006817 0.005629 0.012446 0.987554
TCTA 0.005283 0.019795 0.040673 0.060468 0.939532
CGTA 0.008244 0.022166 0.035329 0.057495 0.942505
AAAC 0.006047 0.004439 0.006527 0.010966 0.989034
AATA 0.005120 0.023990 0.069275 0.093265 0.906735
TGAT 0.013054 0.003463 0.003018 0.006481 0.993519
CTGA 0.006569 0.011967 0.007928 0.019894 0.980106
CGTC 0.018925 0.035384 0.052962 0.088345 0.911655
TCTC 0.021080 0.032463 0.036235 0.068698 0.931302
CTTT 0.009083 0.004127 0.015527 0.019654 0.980346
AATC 0.004354 0.006556 0.044978 0.051534 0.948466
CTGC 0.007815 0.046554 0.013965 0.060519 0.939481
TGGA 0.002433 0.002227 0.004640 0.006867 0.993133
TCAG 0.010576 0.015043 0.004927 0.019969 0.980031
CGAG 0.012431 0.016579 0.005697 0.022276 0.977724
TCCA 0.008278 0.005941 0.008768 0.014709 0.985291
TGTT 0.012226 0.007333 0.016788 0.024121 0.975879
CGCA 0.006477 0.010366 0.026465 0.036831 0.963169
AAAG 0.006746 0.004021 0.017146 0.021168 0.978832
TTGT 0.007561 0.017525 0.003207 0.020732 0.979268
TGGC 0.003670 0.001582 0.003809 0.005391 0.994609
AACA 0.005747 0.008197 0.024856 0.033053 0.966947
TCCC 0.007599 0.003367 0.010064 0.013431 0.986568
TCTG 0.007854 0.013069 0.031073 0.044142 0.955858
CTCT 0.006156 0.056283 0.001000 0.057282 0.942717
CGTG 0.006960 0.011295 0.028416 0.039711 0.960289
CGCC 0.008104 0.003366 0.011353 0.014720 0.985280
CTGG 0.001594 0.000703 0.003738 0.004441 0.995559
AACC 0.008015 0.001930 0.008276 0.010205 0.989794
AATG 0.003184 0.008347 0.020834 0.029181 0.970819
TGCT 0.013965 0.007802 0.002562 0.010364 0.989636
TGGG 0.003365 0.001000 0.007170 0.008169 0.991831
TCCG 0.003202 0.019737 0.028693 0.048431 0.951569
CGCG 0.002867 0.017653 0.031302 0.048954 0.951046
AACG 0.003205 0.014469 0.052633 0.067102 0.932898
CCAA 0.003185 0.001586 0.005968 0.007554 0.992446
CCAC 0.007810 0.004964 0.002860 0.007824 0.992176
GAAA 0.002518 0.001333 0.008021 0.009354 0.990646
CCTA 0.008010 0.021129 0.036261 0.057390 0.942610
TCAT 0.009066 0.006269 0.007349 0.013618 0.986382
CGAT 0.019895 0.004031 0.002638 0.006669 0.993331
GAAC 0.007058 0.004692 0.015046 0.019738 0.980262
CCTC 0.015764 0.017585 0.022097 0.039682 0.960318
AAAT 0.012377 0.001306 0.002994 0.004300 0.995700
TCGA 0.006676 0.013156 0.007804 0.020960 0.979040
GATA 0.004714 0.036994 0.054307 0.091300 0.908700
CGGA 0.004217 0.004543 0.008683 0.013226 0.986774
CCAG 0.004453 0.017715 0.003169 0.020885 0.979115
CGTT 0.013506 0.004389 0.007618 0.012008 0.987992
TCTT 0.007862 0.006338 0.007208 0.013545 0.986455
CCCA 0.008999 0.008223 0.013878 0.022101 0.977899
AAGA 0.018804 0.059823 0.012985 0.072808 0.927192
GATC 0.006757 0.015651 0.045144 0.060794 0.939206
AATT 0.006688 0.002871 0.020874 0.023745 0.976255
TCGC 0.008297 0.011678 0.005439 0.017118 0.982882
CTGT 0.004346 0.029056 0.005862 0.034918 0.965082
CGGC 0.003835 0.002560 0.003572 0.006133 0.993867
GAAG 0.014044 0.014716 0.007518 0.022234 0.977766
CCTG 0.006099 0.008459 0.021059 0.029519 0.970481
CCCC 0.008742 0.007851 0.017423 0.025274 0.974726
AAGC 0.015238 0.005527 0.008147 0.013675 0.986325
TGGT 0.002711 0.004059 0.003805 0.007863 0.992137
GACA 0.008353 0.010676 0.021496 0.032172 0.967828
ATAA 0.002362 0.001386 0.005367 0.006753 0.993247
TCCT 0.006271 0.010633 0.003303 0.013935 0.986065
CGCT 0.013759 0.009117 0.001721 0.010838 0.989162
ATAC 0.018501 0.015065 0.013976 0.029041 0.970959
TCGG 0.003398 0.001500 0.006666 0.008166 0.991834
GATG 0.005854 0.024449 0.022033 0.046482 0.953518
GACC 0.011359 0.003181 0.007507 0.010688 0.989312
CGGG 0.001883 0.002822 0.008743 0.011566 0.988434
AACT 0.009164 0.013923 0.002170 0.016093 0.983907
ATTA 0.006919 0.016302 0.030243 0.046545 0.953455
CCCG 0.004034 0.011815 0.033524 0.045339 0.954661
AAGG 0.002656 0.016054 0.009050 0.025104 0.974896
ATTC 0.005061 0.045223 0.035399 0.080622 0.919378
GACG 0.004036 0.044440 0.049334 0.093774 0.906226
ATAG 0.005068 0.011103 0.007290 0.018392 0.981608
ATCA 0.007439 0.005773 0.016846 0.022619 0.977381
ATTG 0.003364 0.009445 0.033143 0.042589 0.957412
ATCC 0.006170 0.000604 0.003643 0.004247 0.995753
CCAT 0.007939 0.010431 0.005749 0.016181 0.983820
CCGA 0.005008 0.007547 0.005872 0.013419 0.986581
GAAT 0.013167 0.005216 0.012377 0.017593 0.982407
CCTT 0.008010 0.004201 0.006812 0.011012 0.988988
ATCG 0.004442 0.010333 0.037201 0.047535 0.952465
CCGC 0.016303 0.004309 0.004150 0.008459 0.991541
GAGA 0.009421 0.024172 0.009696 0.033868 0.966132
GATT 0.007152 0.003215 0.016339 0.019554 0.980446
TCGT 0.014711 0.010014 0.004925 0.014939 0.985061
CGGT 0.004870 0.005312 0.007701 0.013013 0.986987
GAGC 0.006388 0.004597 0.004122 0.008719 0.991281
CCCT 0.007963 0.014299 0.005659 0.019958 0.980042
AAGT 0.009749 0.011455 0.011033 0.022488 0.977512
GTAA 0.001364 0.001650 0.007224 0.008874 0.991126
CCGG 0.002324 0.002015 0.006268 0.008282 0.991717
AGAA 0.008264 0.023259 0.014997 0.038255 0.961745
GTAC 0.003698 0.024025 0.011945 0.035969 0.964031
ATAT 0.013434 0.009474 0.003031 0.012505 0.987495
GACT 0.017525 0.008923 0.002755 0.011678 0.988322
AGAC 0.006909 0.005515 0.006993 0.012508 0.987492
AGTA 0.006593 0.022146 0.062572 0.084718 0.915282
GTTA 0.003260 0.025214 0.029715 0.054929 0.945071
GAGG 0.006412 0.011699 0.013107 0.024806 0.975194
ATGA 0.006906 0.011298 0.013889 0.025186 0.974814
GTTC 0.005177 0.024227 0.039400 0.063627 0.936373
ATTT 0.009690 0.003700 0.018036 0.021737 0.978263
AGTC 0.009253 0.049964 0.029450 0.079414 0.920586
GTAG 0.007188 0.010171 0.007989 0.018161 0.981839
ATGC 0.012897 0.011694 0.012102 0.023795 0.976205
AGAG 0.009933 0.026040 0.008425 0.034465 0.965535
GTCA 0.007835 0.010185 0.011797 0.021981 0.978019
AGCA 0.011020 0.009094 0.032109 0.041202 0.958797
GTCC 0.007089 0.001194 0.005873 0.007067 0.992933
ATCT 0.016450 0.006690 0.001931 0.008621 0.991379
GTTG 0.008413 0.012059 0.029710 0.041769 0.958231
AGTG 0.007048 0.008988 0.025007 0.033996 0.966005
AGCC 0.012532 0.001432 0.006011 0.007443 0.992557
ATGG 0.001478 0.001071 0.004691 0.005762 0.994238
GTCG 0.011084 0.012000 0.033617 0.045617 0.954383
CCGT 0.010586 0.004523 0.003460 0.007982 0.992018
AGCG 0.005814 0.015000 0.043260 0.058261 0.941739
ACAA 0.002501 0.002826 0.006144 0.008970 0.991030
GAGT 0.007523 0.032986 0.012015 0.045001 0.954999
GGAA 0.004101 0.003671 0.010262 0.013933 0.986066
ACAC 0.005078 0.014538 0.001681 0.016219 0.983781
ACTA 0.005965 0.019631 0.039729 0.059360 0.940640
GTAT 0.008615 0.014842 0.007179 0.022021 0.977979
GGAC 0.006730 0.010102 0.010757 0.020859 0.979141
AGAT 0.021851 0.004803 0.005324 0.010127 0.989873
GGTA 0.002911 0.012464 0.034574 0.047038 0.952962
ACTC 0.006298 0.026406 0.050769 0.077175 0.922825
GTGA 0.002488 0.006418 0.008626 0.015044 0.984956
ACAG 0.004929 0.014575 0.004648 0.019223 0.980777
AGGA 0.017004 0.015661 0.015466 0.031127 0.968872
GTTT 0.008654 0.003220 0.011823 0.015043 0.984957
GGTC 0.006485 0.007283 0.045408 0.052691 0.947309
AGTT 0.011287 0.003803 0.011273 0.015076 0.984924
ACCA 0.009481 0.014671 0.020521 0.035192 0.964808
ATGT 0.010706 0.024559 0.003863 0.028422 0.971578
GTGC 0.002041 0.017030 0.007655 0.024685 0.975315
GGAG 0.007416 0.017948 0.009780 0.027727 0.972273
AGGC 0.004626 0.002636 0.004116 0.006752 0.993248
GGCA 0.004031 0.006269 0.027566 0.033835 0.966165
ACCC 0.013107 0.002995 0.010527 0.013521 0.986479
ACTG 0.004093 0.013499 0.025800 0.039299 0.960701
GGCC 0.005325 0.001673 0.009528 0.011202 0.988798
GTCT 0.013413 0.009975 0.002270 0.012245 0.987755
GGTG 0.004739 0.010136 0.019644 0.029781 0.970219
AGCT 0.021603 0.004577 0.001765 0.006343 0.993657
GTGG 0.002838 0.001124 0.005371 0.006495 0.993505
AGGG 0.003255 0.004030 0.012676 0.016706 0.983294
ACCG 0.003379 0.020135 0.035649 0.055784 0.944216
TAAA 0.001491 0.000589 0.006243 0.006832 0.993168
GGCG 0.001892 0.009280 0.064413 0.073692 0.926308
TAAC 0.006946 0.002179 0.003463 0.005642 0.994358
TATA 0.002935 0.025992 0.042752 0.068745 0.931256
GCAA 0.001854 0.001895 0.006940 0.008835 0.991165
ACAT 0.016046 0.014473 0.005593 0.020066 0.979934
TATC 0.005474 0.013184 0.029785 0.042968 0.957032
GCAC 0.008198 0.021414 0.002487 0.023901 0.976099
TAAG 0.005512 0.011493 0.008562 0.020055 0.979946
GCTA 0.005636 0.032904 0.033526 0.066430 0.933570
GGAT 0.010858 0.007051 0.009409 0.016460 0.983540
TACA 0.011395 0.026506 0.019833 0.046339 0.953661
ACGA 0.007861 0.013947 0.008880 0.022828 0.977173
GCTC 0.004737 0.069638 0.023918 0.093556 0.906444
ACTT 0.008187 0.004197 0.011167 0.015364 0.984636
TATG 0.005964 0.008000 0.030979 0.038979 0.961021
TACC 0.013660 0.002957 0.014394 0.017352 0.982648
GGGA 0.008452 0.016256 0.010031 0.026288 0.973712
GCAG 0.007914 0.010232 0.011770 0.022002 0.977998
ACGC 0.013394 0.014711 0.005338 0.020048 0.979952
GGTT 0.004603 0.001755 0.007593 0.009349 0.990651
GCCA 0.003916 0.010602 0.013496 0.024098 0.975902
GTGT 0.009413 0.017480 0.008445 0.025925 0.974075
GGGC 0.006982 0.003248 0.006158 0.009406 0.990594
AGGT 0.005283 0.007532 0.007583 0.015115 0.984885
GCCC 0.011597 0.009430 0.012730 0.022160 0.977840
GCTG 0.011973 0.024762 0.031240 0.056002 0.943998
ACCT 0.013368 0.015266 0.004426 0.019693 0.980307
TACG 0.005163 0.021466 0.051056 0.072522 0.927478
ACGG 0.002081 0.002129 0.008144 0.010272 0.989728
GGCT 0.012322 0.009445 0.003690 0.013136 0.986864
GGGG 0.005220 0.003705 0.015608 0.019313 0.980687
CAAA 0.001949 0.001185 0.005938 0.007122 0.992878
GCCG 0.004871 0.025143 0.034889 0.060032 0.939968
CAAC 0.002989 0.001983 0.003239 0.005222 0.994778
CATA 0.004566 0.023994 0.032393 0.056386 0.943614
TAAT 0.011854 0.003820 0.003815 0.007635 0.992365
CATC 0.005200 0.021311 0.025560 0.046871 0.953129
TAGA 0.009181 0.029775 0.008741 0.038516 0.961484
CAAG 0.009118 0.005607 0.004688 0.010295 0.989705
TATT 0.006089 0.006987 0.018900 0.025887 0.974113
GCAT 0.013232 0.010936 0.004631 0.015566 0.984434
CACA 0.005367 0.017268 0.020426 0.037694 0.962306
TAGC 0.007687 0.006864 0.002445 0.009308 0.990692
TTAA 0.002435 0.000679 0.009098 0.009778 0.990222
GCGA 0.002881 0.006085 0.004292 0.010377 0.989623
CATG 0.003863 0.005792 0.024169 0.029961 0.970039
CACC 0.009465 0.003976 0.007981 0.011956 0.988044
GCTT 0.011637 0.004373 0.016657 0.021029 0.978971
TACT 0.013816 0.016782 0.001738 0.018520 0.981480
TTAC 0.009849 0.032915 0.010948 0.043863 0.956137
GCGC 0.004227 0.018329 0.001566 0.019895 0.980105
ACGT 0.009531 0.016722 0.004235 0.020957 0.979043
TTTA 0.004188 0.014625 0.035497 0.050122 0.949878
TAGG 0.004904 0.002534 0.006676 0.009210 0.990790
GGGT 0.002571 0.011125 0.008061 0.019187 0.980813
CACG 0.003675 0.016087 0.031724 0.047811 0.952189
TTTC 0.008619 0.013163 0.025916 0.039080 0.960920
GCCT 0.009961 0.011187 0.001737 0.012924 0.987076
GCGG 0.005188 0.004239 0.009849 0.014087 0.985913
TTAG 0.007132 0.014807 0.008861 0.023668 0.976332
TTCA 0.009598 0.010743 0.017976 0.028720 0.971280
TTCC 0.010041 0.001303 0.006186 0.007489 0.992511
TTTG 0.006328 0.009114 0.026615 0.035730 0.964271
CAAT 0.005805 0.001563 0.001137 0.002700 0.997300
CAGA 0.006639 0.016587 0.010661 0.027248 0.972752
CATT 0.004119 0.003664 0.006027 0.009692 0.990308
TTCG 0.007417 0.011408 0.024322 0.035730 0.964270
CAGC 0.004705 0.008360 0.003113 0.011473 0.988527
CTAA 0.002449 0.001463 0.007212 0.008675 0.991325
TAGT 0.007688 0.009855 0.004531 0.014386 0.985614
CACT 0.009440 0.009852 0.001663 0.011515 0.988485
TGAA 0.002691 0.000831 0.002637 0.003468 0.996532
CTAC 0.020330 0.022693 0.008985 0.031678 0.968322
CTTA 0.004609 0.018353 0.041772 0.060125 0.939875
CAGG 0.004357 0.003561 0.004335 0.007896 0.992104
TTAT 0.008828 0.008004 0.006723 0.014727 0.985273
GCGT 0.008340 0.017002 0.004876 0.021878 0.978122
TGAC 0.009833 0.003675 0.004734 0.008410 0.991590
TGTA 0.004752 0.016608 0.025929 0.042537 0.957463
CTTC 0.011949 0.015377 0.012024 0.027401 0.972599
AVG 0.007511 0.011773 0.015007 0.026780 0.973220
