TTGA 122,60,28,9,10,4,5,6,4,2
CTAG 279,142,93,65,36,18,16,20,15,10
TTTT 523,279,179,120,72,48,41,30,17,25
TGTC 464,245,112,81,47,46,22,22,12,15
CTCA 399,155,88,49,30,25,12,10,15,13
TTGC 112,48,43,15,15,7,5,4,7,5
TGAG 288,140,74,62,47,23,23,17,7,9
TGCA 48,17,8,9,4,3,4,1,1,1
CTTG 151,57,27,20,12,9,6,3,3,2
CTCC 565,275,173,134,70,43,39,26,23,16
TGTG 148,73,33,15,14,4,7,2,6,7
TGCC 188,132,62,37,23,15,15,13,8,5
TTCT 943,481,298,162,109,89,63,64,54,40
TTGG 94,61,22,13,15,8,10,4,4,3
CTCG 218,85,62,39,22,20,17,4,9,5
TGCG 57,19,11,6,2,2,2,3,1,2
CAGT 209,102,77,27,20,28,13,15,7,9
TCAA 71,27,13,8,5,4,3,4,3,0
CGAA 121,58,35,21,9,15,4,11,5,5
AAAA 333,166,101,51,40,17,16,14,14,11
CGAC 89,41,19,22,11,9,7,5,1,2
TCAC 180,109,64,41,16,18,9,11,4,3
CTAT 181,73,48,30,24,14,8,3,6,5
TCTA 223,100,60,22,18,8,7,7,8,4
CGTA 161,46,31,13,10,4,4,4,2,4
AAAC 856,347,184,94,69,50,40,31,27,18
AATA 167,84,29,20,11,6,7,10,4,5
TGAT 89,52,26,11,9,9,3,1,4,1
CTGA 269,109,56,25,24,19,10,9,9,3
CGTC 48,43,18,21,7,11,5,2,2,3
TCTC 900,472,301,190,123,103,91,83,59,37
CTTT 401,199,103,74,53,34,17,24,15,18
AATC 23,8,4,2,1,1,0,0,1,2
CTGC 141,84,44,19,16,9,6,3,5,1
TGGA 198,93,39,36,20,13,11,12,6,3
TCAG 297,165,107,48,33,26,23,18,11,13
CGAG 376,231,107,71,55,23,18,8,10,6
TCCA 409,174,73,51,37,32,18,17,16,11
TGTT 617,368,183,129,71,49,46,33,38,12
CGCA 69,22,11,8,2,4,2,4,1,4
AAAG 419,148,78,59,36,24,15,17,7,11
TTGT 178,61,41,23,12,13,9,6,1,6
TGGC 87,48,23,13,19,7,6,4,6,5
AACA 652,250,132,66,44,35,18,16,17,22
TCCC 524,316,189,111,80,56,39,32,20,20
CGCC 184,101,59,45,26,20,12,9,8,7
TCTG 320,142,61,47,31,26,15,14,9,7
CTCT 499,301,176,92,59,51,23,26,16,26
CGTG 197,94,46,25,19,11,8,7,5,3
AATG 148,68,37,18,23,8,10,6,4,4
CTGG 226,103,62,37,30,17,13,10,6,7
AACC 665,286,170,106,67,43,37,33,13,21
TGCT 229,124,58,36,28,17,10,10,5,4
TGGG 188,81,60,21,19,16,10,8,12,1
TCCG 130,71,32,26,23,10,14,8,10,4
CGCG 86,46,24,16,3,4,7,3,4,4
AACG 137,62,26,15,12,4,6,9,6,4
CCAA 107,37,20,9,8,2,3,2,5,1
CCAC 98,56,34,30,9,5,5,2,7,2
GAAA 486,243,163,110,62,47,23,21,22,18
CCTA 347,108,41,35,31,17,13,5,6,8
TCAT 249,116,58,54,32,13,17,10,10,6
CGAT 111,70,41,25,12,14,15,3,3,2
GAAC 491,257,115,76,42,38,20,25,14,11
CCTC 883,459,295,190,136,116,90,65,55,57
AAAT 342,139,86,40,20,25,15,9,7,10
TCGA 126,54,27,18,9,5,4,3,4,5
GATA 128,51,32,16,11,10,5,6,5,11
CGGA 151,69,45,24,20,13,12,6,10,11
CCAG 338,234,92,70,52,44,22,16,15,17
CGTT 221,143,64,49,26,25,15,12,11,8
TCTT 734,413,236,144,117,78,46,45,47,32
CCCA 361,124,58,36,19,16,13,7,7,10
AAGA 803,440,271,177,118,75,77,56,33,35
GATC 60,42,17,9,4,5,3,3,3,1
AATT 60,24,21,11,8,4,4,2,2,2
TCGC 170,103,47,37,27,11,7,7,10,6
CTGT 198,99,60,27,18,16,9,5,4,7
CGGC 101,36,30,17,8,4,6,7,7,2
GAAG 917,463,292,181,126,84,62,54,46,23
CCTG 432,164,82,50,39,27,17,23,9,19
CCCC 396,238,124,98,62,46,42,37,23,16
AAGC 67,61,36,15,10,5,4,3,5,4
TGGT 177,78,50,28,9,21,5,6,7,4
GACA 573,194,109,73,48,32,20,15,10,11
ATAA 115,48,20,19,9,10,5,5,1,5
TCCT 725,344,197,123,82,60,34,35,34,30
CGCT 165,74,53,28,21,11,6,2,6,7
ATAC 58,24,13,10,2,3,2,2,0,0
TCGG 110,68,44,34,23,10,7,10,5,4
GATG 129,72,32,23,15,9,12,4,6,4
GACC 198,108,55,44,26,12,10,4,4,6
CGGG 163,121,56,28,18,17,15,15,9,10
AACT 430,195,103,62,45,39,21,19,12,13
ATTA 84,50,21,18,12,9,5,5,2,1
CCCG 311,171,75,45,26,17,16,12,12,6
AAGG 316,152,84,62,44,37,18,19,9,10
ATTC 81,39,23,15,15,8,7,8,3,1
GACG 35,11,4,2,3,0,2,1,0,2
ATAG 118,53,30,21,11,10,7,3,0,3
ATCA 89,44,16,10,9,6,4,5,0,0
ATTG 46,21,8,5,5,0,2,3,5,3
ATCC 71,30,15,15,10,6,4,4,6,1
CCAT 166,91,59,35,15,14,12,7,1,7
CCGA 192,78,40,19,7,9,8,4,9,3
GAAT 161,61,40,28,17,16,7,7,4,3
CCTT 658,298,172,133,75,50,33,25,23,18
ATCG 79,42,14,9,6,6,5,1,2,2
CCGC 161,76,47,29,16,11,9,4,11,4
GAGA 676,378,158,92,60,50,43,26,26,15
GATT 28,15,7,8,3,4,1,0,0,1
TCGT 223,114,63,40,25,20,17,15,10,11
CGGT 309,130,98,50,47,20,15,13,17,15
GAGC 111,112,41,27,15,2,1,8,6,5
CCCT 570,242,156,105,56,36,38,27,15,12
AAGT 113,50,33,16,8,9,6,2,3,4
GTAA 69,46,26,15,6,2,10,6,4,7
CCGG 367,175,86,61,30,37,24,16,12,11
AGAA 847,356,176,94,53,47,44,25,34,32
GTAC 40,42,19,8,6,4,7,3,1,2
ATAT 63,33,17,10,5,1,5,4,0,2
GACT 138,51,48,28,23,12,6,3,5,7
AGAC 326,163,67,54,47,26,16,14,4,11
AGTA 80,37,13,10,6,4,6,3,4,3
GTTA 165,75,36,16,18,15,12,9,7,10
GAGG 484,250,149,94,63,36,32,29,21,20
ATGA 228,90,47,23,18,10,15,8,5,8
GTTC 375,287,149,76,56,28,34,27,22,18
ATTT 290,127,104,56,44,27,26,20,8,14
AGTC 86,46,28,25,13,7,4,5,1,3
GTAG 111,66,30,23,9,6,8,5,5,4
ATGC 55,23,15,9,9,2,5,1,1,2
AGAG 454,218,113,69,47,47,27,35,21,9
GTCA 103,50,15,20,10,4,11,2,5,2
AGCA 247,80,48,24,16,20,7,7,6,8
GTCC 130,104,52,34,27,14,11,9,4,2
ATCT 273,107,63,36,35,18,12,12,3,6
GTTG 198,110,49,28,21,13,17,10,6,4
AGTG 225,109,57,41,21,14,8,14,8,7
AGCC 55,41,26,14,10,7,3,8,7,2
ATGG 87,28,23,23,8,10,5,5,3,2
GTCG 119,75,23,29,19,8,11,10,7,4
AGCG 115,47,24,13,11,5,4,3,5,2
CCGT 202,133,80,46,23,15,9,15,6,7
ACAA 74,25,19,13,4,5,6,4,1,1
GAGT 152,56,42,23,17,5,15,6,4,7
GGAA 677,314,167,103,57,52,42,33,20,20
ACAC 617,364,168,111,75,51,34,24,25,23
ACTA 209,83,37,16,15,7,8,5,5,10
GTAT 33,24,6,2,5,3,2,3,0,0
GGAC 146,71,41,12,10,14,13,3,8,4
AGAT 262,119,87,50,35,24,20,14,6,6
GGTA 124,40,19,11,7,6,5,1,1,3
ACTC 183,85,43,23,11,14,4,10,6,5
GTGA 96,48,15,18,4,15,1,5,5,3
ACAG 147,98,53,29,13,17,13,5,8,7
AGGA 841,398,241,141,116,75,49,42,32,22
GTTT 888,537,317,181,135,78,80,46,50,24
GGTC 167,74,37,28,19,12,7,10,3,4
AGTT 467,242,133,97,61,41,26,25,19,16
ACCA 412,146,50,38,23,21,11,16,9,3
ATGT 44,17,6,5,3,1,0,1,0,1
GTGC 94,78,34,22,12,8,12,7,8,3
GGAG 459,300,145,107,74,41,32,25,16,19
AGGC 60,38,39,11,8,6,4,4,5,4
GGCA 209,73,38,23,14,15,7,6,5,8
ACCC 440,224,113,65,49,31,21,23,19,10
ACTG 232,72,40,22,20,23,6,5,10,4
GGCC 26,21,10,2,8,2,1,1,1,1
GTCT 499,220,126,77,57,40,23,21,10,7
GGTG 794,438,198,115,66,61,44,31,24,19
AGCT 442,223,134,97,60,48,39,31,24,10
GTGG 60,32,17,6,7,4,5,5,2,1
AGGG 258,131,86,71,33,40,25,16,16,12
ACCG 361,128,80,45,34,23,24,16,15,10
TAAA 171,90,51,35,23,18,13,8,4,2
GGCG 57,48,38,12,12,11,4,6,4,5
TAAC 194,113,54,44,27,22,17,9,7,5
TATA 38,9,3,0,9,2,2,2,1,0
GCAA 34,23,17,11,5,5,6,2,2,3
ACAT 30,16,13,5,2,5,1,0,0,0
TATC 158,74,39,18,18,11,9,11,7,3
GCAC 264,139,47,34,23,10,15,4,10,5
TAAG 139,63,35,15,14,7,6,6,3,3
GCTA 182,95,42,24,19,10,6,7,2,5
GGAT 95,49,32,19,7,5,3,3,4,1
TACA 77,30,18,22,9,2,2,5,2,3
ACGA 203,82,36,30,18,8,9,8,1,5
GCTC 106,67,42,24,16,9,7,7,6,3
ACTT 130,62,39,23,12,11,4,7,2,8
TATG 49,19,11,7,8,4,2,4,4,3
TACC 194,107,57,35,24,15,20,5,14,13
GGGA 516,212,123,67,56,50,45,27,18,30
GCAG 182,92,46,19,12,7,6,4,3,7
ACGC 32,15,5,3,2,3,0,1,1,1
GGTT 460,267,152,73,71,34,22,36,14,18
GCCA 130,42,19,17,8,7,5,4,3,3
GTGT 1003,562,310,179,124,81,65,53,41,28
GGGC 125,58,37,23,16,10,6,10,4,5
AGGT 319,166,83,63,34,24,15,20,13,13
GCCC 181,95,47,38,23,16,18,8,9,6
GCTG 245,102,53,50,27,20,8,14,8,3
ACCT 610,359,197,109,75,63,34,37,32,20
TACG 106,45,26,13,5,14,2,3,5,5
ACGG 105,61,26,29,20,12,10,7,2,5
GGCT 91,49,23,16,11,6,0,3,4,2
GGGG 222,104,104,38,30,27,18,14,10,5
CAAA 71,33,30,19,5,16,8,8,6,0
GCCG 139,53,24,20,11,8,4,3,3,4
CAAC 99,34,25,17,11,7,13,4,3,1
CATA 57,24,12,6,4,5,0,1,0,2
TAAT 142,39,33,17,12,5,3,10,4,5
CATC 153,61,34,22,14,11,5,1,8,1
TAGA 240,96,54,34,21,10,7,6,2,7
CAAG 205,86,34,23,18,12,5,12,8,5
TATT 144,70,22,23,14,9,6,10,1,6
GCAT 25,17,11,11,4,1,3,2,2,1
CACA 161,58,22,17,8,6,5,5,4,4
TAGC 210,96,57,47,28,25,15,12,7,5
TTAA 191,77,33,24,15,9,8,5,6,7
GCGA 116,49,27,17,14,12,5,4,4,3
CATG 67,25,15,7,5,2,4,2,4,2
CACC 896,437,237,144,85,68,42,37,28,18
GCTT 75,41,30,13,8,7,4,2,3,4
TACT 122,57,27,22,14,4,7,6,2,1
GCGC 76,51,21,16,10,9,7,4,4,2
ACGT 81,27,21,16,12,6,4,4,3,5
TTAC 187,114,51,41,19,14,12,10,5,3
TTTA 459,170,79,41,39,18,17,10,7,9
TAGG 174,79,42,25,19,13,7,8,5,8
GGGT 237,104,62,40,29,14,10,8,7,8
CACG 159,57,22,18,13,5,9,5,2,8
TTTC 975,506,269,170,119,81,70,38,34,33
GCCT 151,81,53,23,11,15,11,4,6,6
GCGG 114,65,42,19,17,7,12,5,5,4
TTAG 234,139,80,44,31,13,19,13,8,8
TTCA 525,208,83,52,35,30,14,24,13,6
TTCC 1055,529,361,218,163,108,75,63,41,39
TTTG 182,99,35,29,19,13,13,6,7,5
CAAT 51,17,12,12,3,3,3,1,3,0
CAGA 224,100,40,29,20,17,12,6,4,3
CATT 173,104,40,38,24,19,13,5,9,3
TTCG 211,86,61,33,20,19,23,10,2,7
CAGC 149,74,51,22,16,7,9,4,4,6
CTAA 156,75,24,18,16,10,5,4,5,1
TAGT 168,89,47,56,18,16,8,12,7,3
CACT 262,131,72,43,31,23,10,12,7,9
TGAA 183,103,40,41,21,12,14,9,7,6
CTAC 153,73,52,35,28,14,6,12,5,7
CTTA 151,54,26,15,13,5,5,9,5,3
CAGG 289,149,88,54,31,19,11,13,6,6
TTAT 284,92,60,28,25,24,11,10,2,6
GCGT 24,17,9,1,1,2,2,0,4,1
TGAC 90,41,33,20,6,7,6,8,2,3
TGTA 81,28,9,5,1,1,2,0,2,2
CTTC 783,439,278,233,133,106,74,66,62,48
