TTGA 0.000000 0.000000 0.104229 0.104229 0.895771
CTAG 0.000000 0.000000 0.361683 0.361683 0.638317
TTTT 0.000000 0.000000 0.138597 0.138597 0.861403
TGTC 0.000000 0.000000 0.297147 0.297147 0.702853
CTCA 0.000000 0.000000 0.386093 0.386093 0.613907
TTGC 0.000000 0.000000 0.124458 0.124458 0.875542
TGAG 0.000000 0.000000 0.187648 0.187648 0.812352
TGCA 0.000000 0.000000 0.249644 0.249644 0.750356
CTTG 0.000000 0.000000 0.240774 0.240774 0.759226
CTCC 0.000000 0.000000 0.122409 0.122409 0.877591
TGTG 0.000000 0.000000 0.344770 0.344770 0.655230
TGCC 0.000000 0.000000 0.263803 0.263803 0.736197
TTCT 0.000000 0.000000 0.174410 0.174410 0.825590
TTGG 0.000000 0.000000 0.167497 0.167497 0.832503
CTCG 0.000000 0.000000 0.052435 0.052435 0.947565
TGCG 0.000000 0.000000 0.096482 0.096482 0.903518
CAGT 0.000000 0.000000 0.181661 0.181661 0.818339
TCAA 0.000000 0.000000 0.045101 0.045101 0.954899
CGAA 0.000000 0.000000 0.044227 0.044227 0.955773
AAAA 0.000000 0.000000 0.120837 0.120837 0.879163
CGAC 0.000000 0.000000 0.137275 0.137275 0.862725
TCAC 0.000000 0.000000 0.043914 0.043914 0.956086
CTAT 0.000000 0.000000 0.072145 0.072145 0.927855
TCTA 0.000000 0.000000 0.311658 0.311658 0.688342
CGTA 0.000000 0.000000 0.398633 0.398633 0.601367
AAAC 0.000000 0.000000 0.246372 0.246372 0.753628
AATA 0.000000 0.000000 0.279084 0.279084 0.720916
TGAT 0.000000 0.000000 0.072779 0.072779 0.927221
CTGA 0.000000 0.000000 0.113736 0.113736 0.886264
CGTC 0.000000 0.000000 0.369953 0.369953 0.630047
TCTC 0.000000 0.000000 0.239472 0.239472 0.760528
CTTT 0.000000 0.000000 0.293752 0.293752 0.706248
AATC 0.000000 0.000000 0.427766 0.427766 0.572234
CTGC 0.000000 0.000000 0.169853 0.169853 0.830147
TGGA 0.000000 0.000000 0.129289 0.129289 0.870711
TCAG 0.000000 0.000000 0.107594 0.107594 0.892406
CGAG 0.000000 0.000000 0.178226 0.178226 0.821774
TCCA 0.000000 0.000000 0.320620 0.320620 0.679380
TGTT 0.000000 0.000000 0.040338 0.040338 0.959662
CGCA 0.000000 0.000000 0.429665 0.429665 0.570335
AAAG 0.000000 0.000000 0.411316 0.411316 0.588684
TTGT 0.000000 0.000000 0.051793 0.051793 0.948207
TGGC 0.000000 0.000000 0.136096 0.136096 0.863904
AACA 0.000000 0.000000 0.308752 0.308752 0.691248
TCCC 0.000000 0.000000 0.112219 0.112219 0.887781
CGCC 0.000000 0.000000 0.098293 0.098293 0.901707
TCTG 0.000000 0.000000 0.242644 0.242644 0.757356
CTCT 0.000000 0.000000 0.317513 0.317513 0.682487
CGTG 0.000000 0.000000 0.223587 0.223587 0.776413
CTGG 0.000000 0.000000 0.174666 0.174666 0.825334
AACC 0.000000 0.000000 0.251540 0.251540 0.748460
AATG 0.000000 0.000000 0.292447 0.292447 0.707553
TGCT 0.000000 0.000000 0.157968 0.157968 0.842032
TGGG 0.000000 0.000000 0.148472 0.148472 0.851528
TCCG 0.000000 0.000000 0.070029 0.070029 0.929971
CGCG 0.000000 0.000000 0.085050 0.085050 0.914950
AACG 0.000000 0.000000 0.222378 0.222378 0.777622
CCAA 0.000000 0.000000 0.029130 0.029130 0.970870
CCAC 0.000000 0.000000 0.043929 0.043929 0.956071
GAAA 0.000000 0.000000 0.065207 0.065207 0.934793
CCTA 0.000000 0.000000 0.495133 0.495133 0.504867
CGAT 0.000000 0.000000 0.136746 0.136746 0.863254
TCAT 0.000000 0.000000 0.065624 0.065624 0.934376
CCTC 0.000000 0.000000 0.220779 0.220779 0.779221
GAAC 0.000000 0.000000 0.231171 0.231171 0.768829
AAAT 0.000000 0.000000 0.253083 0.253083 0.746917
TCGA 0.000000 0.000000 0.096417 0.096417 0.903583
GATA 0.000000 0.000000 0.296630 0.296630 0.703370
CGGA 0.000000 0.000000 0.104202 0.104202 0.895798
CCAG 0.000000 0.000000 0.189537 0.189537 0.810463
CGTT 0.000000 0.000000 0.132517 0.132517 0.867483
TCTT 0.000000 0.000000 0.013013 0.013013 0.986987
CCCA 0.000000 0.000000 0.367353 0.367353 0.632647
AAGA 0.000000 0.000000 0.130137 0.130137 0.869863
GATC 0.000000 0.000000 0.503010 0.503010 0.496990
AATT 0.000000 0.000000 0.156425 0.156425 0.843575
TCGC 0.000000 0.000000 0.080240 0.080240 0.919760
CTGT 0.000000 0.000000 0.051613 0.051613 0.948387
CGGC 0.000000 0.000000 0.161733 0.161733 0.838267
GAAG 0.000000 0.000000 0.193219 0.193219 0.806781
CCTG 0.000000 0.000000 0.284229 0.284229 0.715771
CCCC 0.000000 0.000000 0.213080 0.213080 0.786920
AAGC 0.000000 0.000000 0.226624 0.226624 0.773376
TGGT 0.000000 0.000000 0.158045 0.158045 0.841955
GACA 0.000000 0.000000 0.226597 0.226597 0.773403
ATAA 0.000000 0.000000 0.084265 0.084265 0.915735
TCCT 0.000000 0.000000 0.072627 0.072627 0.927373
CGCT 0.000000 0.000000 0.130195 0.130195 0.869805
ATAC 0.000000 0.000000 0.075178 0.075178 0.924822
TCGG 0.000000 0.000000 0.052129 0.052129 0.947871
GATG 0.000000 0.000000 0.461033 0.461033 0.538967
GACC 0.000000 0.000000 0.160068 0.160068 0.839932
CGGG 0.000000 0.000000 0.151828 0.151828 0.848172
AACT 0.000000 0.000000 0.414228 0.414228 0.585771
ATTA 0.000000 0.000000 0.525606 0.525606 0.474394
CCCG 0.000000 0.000000 0.111124 0.111124 0.888876
AAGG 0.000000 0.000000 0.114795 0.114795 0.885205
ATTC 0.000000 0.000000 0.210931 0.210931 0.789069
GACG 0.000000 0.000000 0.287305 0.287305 0.712695
ATAG 0.000000 0.000000 0.299969 0.299969 0.700031
ATCA 0.000000 0.000000 0.421941 0.421941 0.578059
ATTG 0.000000 0.000000 0.541559 0.541559 0.458441
ATCC 0.000000 0.000000 0.241185 0.241185 0.758815
CCAT 0.000000 0.000000 0.112825 0.112825 0.887175
CCGA 0.000000 0.000000 0.087031 0.087031 0.912969
GAAT 0.000000 0.000000 0.330612 0.330612 0.669388
CCTT 0.000000 0.000000 0.046291 0.046291 0.953709
ATCG 0.000000 0.000000 0.048140 0.048140 0.951860
CCGC 0.000000 0.000000 0.069079 0.069079 0.930921
GAGA 0.000000 0.000000 0.215027 0.215027 0.784973
GATT 0.000000 0.000000 0.135236 0.135236 0.864764
TCGT 0.000000 0.000000 0.063648 0.063648 0.936352
CGGT 0.000000 0.000000 0.154777 0.154777 0.845223
GAGC 0.000000 0.000000 0.150221 0.150221 0.849779
CCCT 0.000000 0.000000 0.137985 0.137985 0.862015
AAGT 0.000000 0.000000 0.117002 0.117002 0.882998
GTAA 0.000000 0.000000 0.114039 0.114039 0.885961
CCGG 0.000000 0.000000 0.081786 0.081786 0.918214
AGAA 0.000000 0.000000 0.047381 0.047381 0.952619
GTAC 0.000000 0.000000 0.199474 0.199474 0.800526
ATAT 0.000000 0.000000 0.061180 0.061180 0.938820
GACT 0.000000 0.000000 0.106107 0.106107 0.893893
AGAC 0.000000 0.000000 0.193767 0.193767 0.806233
AGTA 0.000000 0.000000 0.393476 0.393476 0.606524
GTTA 0.000000 0.000000 0.391415 0.391415 0.608585
GAGG 0.000000 0.000000 0.101954 0.101954 0.898046
ATGA 0.000000 0.000000 0.155051 0.155051 0.844949
GTTC 0.000000 0.000000 0.136391 0.136391 0.863609
ATTT 0.000000 0.000000 0.151353 0.151353 0.848647
AGTC 0.000000 0.000000 0.314410 0.314410 0.685590
GTAG 0.000000 0.000000 0.347418 0.347418 0.652582
ATGC 0.000000 0.000000 0.146622 0.146622 0.853378
AGAG 0.000000 0.000000 0.168345 0.168345 0.831655
GTCA 0.000000 0.000000 0.363105 0.363105 0.636895
AGCA 0.000000 0.000000 0.366383 0.366383 0.633617
GTCC 0.000000 0.000000 0.274596 0.274596 0.725404
ATCT 0.000000 0.000000 0.072383 0.072383 0.927617
GTTG 0.000000 0.000000 0.320912 0.320912 0.679088
AGTG 0.000000 0.000000 0.330513 0.330513 0.669487
AGCC 0.000000 0.000000 0.141896 0.141896 0.858104
ATGG 0.000000 0.000000 0.105517 0.105517 0.894483
GTCG 0.000000 0.000000 0.065009 0.065009 0.934991
CCGT 0.000000 0.000000 0.046203 0.046203 0.953797
AGCG 0.000000 0.000000 0.175774 0.175774 0.824226
ACAA 0.000000 0.000000 0.041620 0.041620 0.958380
GAGT 0.000000 0.000000 0.118962 0.118962 0.881038
GGAA 0.000000 0.000000 0.021356 0.021356 0.978644
ACAC 0.000000 0.000000 0.055161 0.055161 0.944839
ACTA 0.000000 0.000000 0.233151 0.233151 0.766849
GTAT 0.000000 0.000000 0.128593 0.128593 0.871407
GGAC 0.000000 0.000000 0.135860 0.135860 0.864140
AGAT 0.000000 0.000000 0.234570 0.234570 0.765430
GGTA 0.000000 0.000000 0.396786 0.396786 0.603214
ACTC 0.000000 0.000000 0.280904 0.280904 0.719096
GTGA 0.000000 0.000000 0.148021 0.148021 0.851979
ACAG 0.000000 0.000000 0.164354 0.164354 0.835646
AGGA 0.000000 0.000000 0.322830 0.322830 0.677170
GTTT 0.000000 0.000000 0.180279 0.180279 0.819721
GGTC 0.000000 0.000000 0.271464 0.271464 0.728536
AGTT 0.000000 0.000000 0.177251 0.177251 0.822749
ACCA 0.000000 0.000000 0.379669 0.379669 0.620331
ATGT 0.000000 0.000000 0.077329 0.077329 0.922671
GTGC 0.000000 0.000000 0.195950 0.195950 0.804050
GGAG 0.000000 0.000000 0.246951 0.246951 0.753049
AGGC 0.000000 0.000000 0.225268 0.225268 0.774732
GGCA 0.000000 0.000000 0.213104 0.213104 0.786896
ACCC 0.000000 0.000000 0.206488 0.206488 0.793512
ACTG 0.000000 0.000000 0.261691 0.261691 0.738309
GGCC 0.000000 0.000000 0.236977 0.236977 0.763023
GTCT 0.000000 0.000000 0.101048 0.101048 0.898952
GGTG 0.000000 0.000000 0.306484 0.306484 0.693516
AGCT 0.000000 0.000000 0.112856 0.112856 0.887144
GTGG 0.000000 0.000000 0.191604 0.191604 0.808396
AGGG 0.000000 0.000000 0.193361 0.193361 0.806639
ACCG 0.000000 0.000000 0.135335 0.135335 0.864665
TAAA 0.000000 0.000000 0.074844 0.074844 0.925156
GGCG 0.000000 0.000000 0.140438 0.140438 0.859562
TAAC 0.000000 0.000000 0.128268 0.128268 0.871732
TATA 0.000000 0.000000 0.361258 0.361258 0.638742
GCAA 0.000000 0.000000 0.072333 0.072333 0.927667
ACAT 0.000000 0.000000 0.048134 0.048134 0.951866
TATC 0.000000 0.000000 0.301021 0.301021 0.698979
GCAC 0.000000 0.000000 0.053827 0.053827 0.946173
TAAG 0.000000 0.000000 0.244220 0.244220 0.755780
GCTA 0.000000 0.000000 0.322270 0.322270 0.677730
GGAT 0.000000 0.000000 0.104652 0.104652 0.895348
TACA 0.000000 0.000000 0.428751 0.428751 0.571249
ACGA 0.000000 0.000000 0.139412 0.139412 0.860588
GCTC 0.000000 0.000000 0.144362 0.144362 0.855638
ACTT 0.000000 0.000000 0.056472 0.056472 0.943528
TATG 0.000000 0.000000 0.287870 0.287870 0.712130
TACC 0.000000 0.000000 0.246735 0.246735 0.753265
GGGA 0.000000 0.000000 0.208718 0.208718 0.791282
GCAG 0.000000 0.000000 0.174796 0.174796 0.825204
ACGC 0.000000 0.000000 0.039264 0.039264 0.960736
GCCA 0.000000 0.000000 0.292333 0.292333 0.707667
GGTT 0.000000 0.000000 0.201896 0.201896 0.798104
GTGT 0.000000 0.000000 0.061293 0.061293 0.938707
GGGC 0.000000 0.000000 0.204926 0.204926 0.795074
AGGT 0.000000 0.000000 0.144190 0.144190 0.855810
GCCC 0.000000 0.000000 0.195690 0.195690 0.804310
GCTG 0.000000 0.000000 0.388891 0.388891 0.611109
ACCT 0.000000 0.000000 0.174160 0.174160 0.825840
TACG 0.000000 0.000000 0.121651 0.121651 0.878349
ACGG 0.000000 0.000000 0.072221 0.072221 0.927779
GGCT 0.000000 0.000000 0.239707 0.239707 0.760293
GGGG 0.000000 0.000000 0.121432 0.121432 0.878568
CAAA 0.000000 0.000000 0.067179 0.067179 0.932821
GCCG 0.000000 0.000000 0.107156 0.107156 0.892844
CAAC 0.000000 0.000000 0.140963 0.140963 0.859037
CATA 0.000000 0.000000 0.399470 0.399470 0.600530
TAAT 0.000000 0.000000 0.103688 0.103688 0.896311
CATC 0.000000 0.000000 0.466487 0.466487 0.533513
TAGA 0.000000 0.000000 0.125189 0.125189 0.874811
CAAG 0.000000 0.000000 0.466519 0.466519 0.533481
TATT 0.000000 0.000000 0.038672 0.038672 0.961328
GCAT 0.000000 0.000000 0.083745 0.083745 0.916256
CACA 0.000000 0.000000 0.289803 0.289803 0.710197
TAGC 0.000000 0.000000 0.085638 0.085638 0.914362
TTAA 0.000000 0.000000 0.121671 0.121671 0.878329
GCGA 0.000000 0.000000 0.052329 0.052329 0.947670
CATG 0.000000 0.000000 0.429545 0.429545 0.570455
CACC 0.000000 0.000000 0.124869 0.124869 0.875131
GCTT 0.000000 0.000000 0.102772 0.102772 0.897228
TACT 0.000000 0.000000 0.140717 0.140717 0.859283
TTAC 0.000000 0.000000 0.152694 0.152694 0.847306
GCGC 0.000000 0.000000 0.022888 0.022888 0.977112
ACGT 0.000000 0.000000 0.044450 0.044450 0.955550
TTTA 0.000000 0.000000 0.264687 0.264687 0.735313
TAGG 0.000000 0.000000 0.085709 0.085709 0.914291
GGGT 0.000000 0.000000 0.123870 0.123870 0.876130
CACG 0.000000 0.000000 0.187663 0.187663 0.812337
TTTC 0.000000 0.000000 0.251880 0.251880 0.748120
GCCT 0.000000 0.000000 0.158197 0.158197 0.841803
GCGG 0.000000 0.000000 0.147370 0.147370 0.852630
TTAG 0.000000 0.000000 0.371282 0.371282 0.628718
TTCA 0.000000 0.000000 0.294476 0.294476 0.705524
TTCC 0.000000 0.000000 0.150281 0.150281 0.849719
TTTG 0.000000 0.000000 0.360649 0.360649 0.639351
CAAT 0.000000 0.000000 0.100189 0.100189 0.899811
CAGA 0.000000 0.000000 0.251560 0.251560 0.748440
CATT 0.000000 0.000000 0.091231 0.091231 0.908769
TTCG 0.000000 0.000000 0.039812 0.039812 0.960188
CAGC 0.000000 0.000000 0.117261 0.117261 0.882739
CTAA 0.000000 0.000000 0.103612 0.103612 0.896388
TAGT 0.000000 0.000000 0.152697 0.152697 0.847303
CACT 0.000000 0.000000 0.208444 0.208444 0.791557
TGAA 0.000000 0.000000 0.025315 0.025315 0.974685
CTAC 0.000000 0.000000 0.191440 0.191440 0.808560
CTTA 0.000000 0.000000 0.328123 0.328123 0.671877
CAGG 0.000000 0.000000 0.087447 0.087447 0.912553
TTAT 0.000000 0.000000 0.078692 0.078692 0.921308
GCGT 0.000000 0.000000 0.027431 0.027431 0.972569
TGAC 0.000000 0.000000 0.128819 0.128819 0.871181
TGTA 0.000000 0.000000 0.420684 0.420684 0.579316
CTTC 0.000000 0.000000 0.256082 0.256082 0.743918
AVG 0.000000 0.000000 0.188575 0.188575 0.811425
