TTGA 0.000000 0.000000 0.108514 0.108514 0.891486
CTAG 0.000000 0.000000 0.287561 0.287561 0.712439
TTTT 0.000000 0.000000 0.110008 0.110008 0.889992
TGTC 0.000000 0.000000 0.255045 0.255045 0.744955
CTCA 0.000000 0.000000 0.199242 0.199242 0.800758
TTGC 0.000000 0.000000 0.138705 0.138705 0.861295
TGAG 0.000000 0.000000 0.062896 0.062896 0.937104
TGCA 0.000000 0.000000 0.244964 0.244964 0.755036
CTTG 0.000000 0.000000 0.180882 0.180882 0.819118
CTCC 0.000000 0.000000 0.143652 0.143652 0.856348
TGTG 0.000000 0.000000 0.337219 0.337219 0.662781
TGCC 0.000000 0.000000 0.231715 0.231715 0.768285
TTCT 0.000000 0.000000 0.000821 0.000821 0.999179
TTGG 0.000000 0.000000 0.108198 0.108198 0.891802
CTCG 0.000000 0.000000 0.085456 0.085456 0.914544
TGCG 0.000000 0.000000 0.076354 0.076354 0.923646
CAGT 0.000000 0.000000 0.039957 0.039957 0.960043
TCAA 0.000000 0.000000 0.036371 0.036371 0.963629
CGAA 0.000000 0.000000 0.048905 0.048905 0.951095
AAAA 0.000000 0.000000 0.091333 0.091333 0.908667
TCAC 0.000000 0.000000 0.012725 0.012725 0.987275
CTAT 0.000000 0.000000 0.012924 0.012924 0.987076
CGAC 0.000000 0.000000 0.050961 0.050961 0.949039
TCTA 0.000000 0.000000 0.264578 0.264578 0.735422
CGTA 0.000000 0.000000 0.151645 0.151645 0.848355
AAAC 0.000000 0.000000 0.288380 0.288380 0.711620
AATA 0.000000 0.000000 0.120668 0.120668 0.879332
TGAT 0.000000 0.000000 0.071050 0.071050 0.928950
CTGA 0.000000 0.000000 0.136392 0.136392 0.863608
CGTC 0.000000 0.000000 0.379347 0.379347 0.620653
TCTC 0.000000 0.000000 0.218040 0.218040 0.781960
CTTT 0.000000 0.000000 0.291357 0.291357 0.708643
AATC 0.000000 0.000000 0.324881 0.324881 0.675119
CTGC 0.000000 0.000000 0.135706 0.135706 0.864294
TGGA 0.000000 0.000000 0.034635 0.034635 0.965365
TCAG 0.000000 0.000000 0.038806 0.038806 0.961194
CGAG 0.000000 0.000000 0.085133 0.085133 0.914867
TCCA 0.000000 0.000000 0.104538 0.104538 0.895462
TGTT 0.000000 0.000000 0.139872 0.139872 0.860128
CGCA 0.000000 0.000000 0.266972 0.266972 0.733028
AAAG 0.000000 0.000000 0.386757 0.386757 0.613243
TTGT 0.000000 0.000000 0.011575 0.011575 0.988425
TGGC 0.000000 0.000000 0.045203 0.045203 0.954797
AACA 0.000000 0.000000 0.194415 0.194415 0.805585
TCCC 0.000000 0.000000 0.184602 0.184602 0.815398
CGCC 0.000000 0.000000 0.272341 0.272341 0.727659
TCTG 0.000000 0.000000 0.276511 0.276511 0.723489
CTCT 0.000000 0.000000 0.000115 0.000115 0.999885
CGTG 0.000000 0.000000 0.366147 0.366147 0.633853
CTGG 0.000000 0.000000 0.101182 0.101182 0.898818
AACC 0.000000 0.000000 0.172516 0.172516 0.827484
AATG 0.000000 0.000000 0.127594 0.127594 0.872406
TGCT 0.000000 0.000000 0.034702 0.034702 0.965298
TGGG 0.000000 0.000000 0.107252 0.107252 0.892748
TCCG 0.000000 0.000000 0.083877 0.083877 0.916123
CGCG 0.000000 0.000000 0.070342 0.070342 0.929657
AACG 0.000000 0.000000 0.121232 0.121232 0.878768
CCAA 0.000000 0.000000 0.015874 0.015874 0.984126
CCAC 0.000000 0.000000 0.028644 0.028644 0.971356
GAAA 0.000000 0.000000 0.073045 0.073045 0.926956
CCTA 0.000000 0.000000 0.290728 0.290728 0.709272
TCAT 0.000000 0.000000 0.028905 0.028905 0.971095
CGAT 0.000000 0.000000 0.050834 0.050834 0.949166
AAAT 0.000000 0.000000 0.073970 0.073970 0.926030
GAAC 0.000000 0.000000 0.109332 0.109332 0.890668
CCTC 0.000000 0.000000 0.175368 0.175368 0.824632
TCGA 0.000000 0.000000 0.044212 0.044212 0.955788
GATA 0.000000 0.000000 0.105483 0.105483 0.894517
CGGA 0.000000 0.000000 0.038197 0.038197 0.961803
CCAG 0.000000 0.000000 0.048802 0.048802 0.951198
CGTT 0.000000 0.000000 0.235714 0.235714 0.764286
TCTT 0.000000 0.000000 0.038138 0.038138 0.961862
CCCA 0.000000 0.000000 0.127397 0.127397 0.872603
AAGA 0.000000 0.000000 0.004861 0.004861 0.995139
GATC 0.000000 0.000000 0.291315 0.291315 0.708685
AATT 0.000000 0.000000 0.480710 0.480710 0.519290
TCGC 0.000000 0.000000 0.019369 0.019369 0.980631
CTGT 0.000000 0.000000 0.028533 0.028533 0.971466
CGGC 0.000000 0.000000 0.221192 0.221192 0.778808
GAAG 0.000000 0.000000 0.017133 0.017133 0.982867
CCTG 0.000000 0.000000 0.210752 0.210752 0.789248
CCCC 0.000000 0.000000 0.442801 0.442801 0.557199
AAGC 0.000000 0.000000 0.022553 0.022553 0.977447
TGGT 0.000000 0.000000 0.032908 0.032908 0.967092
GACA 0.000000 0.000000 0.201265 0.201265 0.798735
ATAA 0.000000 0.000000 0.057308 0.057308 0.942692
TCCT 0.000000 0.000000 0.002312 0.002312 0.997688
CGCT 0.000000 0.000000 0.003612 0.003612 0.996388
ATAC 0.000000 0.000000 0.194367 0.194367 0.805633
TCGG 0.000000 0.000000 0.082144 0.082144 0.917856
GATG 0.000000 0.000000 0.091911 0.091911 0.908089
GACC 0.000000 0.000000 0.238937 0.238937 0.761063
CGGG 0.000000 0.000000 0.187241 0.187241 0.812759
AACT 0.000000 0.000000 0.020926 0.020926 0.979074
ATTA 0.000000 0.000000 0.348340 0.348340 0.651660
CCCG 0.000000 0.000000 0.080881 0.080881 0.919119
AAGG 0.000000 0.000000 0.088549 0.088549 0.911451
ATTC 0.000000 0.000000 0.197349 0.197349 0.802651
GACG 0.000000 0.000000 0.057835 0.057835 0.942165
ATAG 0.000000 0.000000 0.124003 0.124003 0.875997
ATCA 0.000000 0.000000 0.286731 0.286731 0.713269
ATTG 0.000000 0.000000 0.346884 0.346884 0.653116
ATCC 0.000000 0.000000 0.288418 0.288418 0.711582
CCAT 0.000000 0.000000 0.029398 0.029398 0.970602
CCGA 0.000000 0.000000 0.052072 0.052072 0.947928
GAAT 0.000000 0.000000 0.098241 0.098241 0.901759
CCTT 0.000000 0.000000 0.214654 0.214654 0.785346
ATCG 0.000000 0.000000 0.192794 0.192794 0.807206
CCGC 0.000000 0.000000 0.071845 0.071845 0.928155
GAGA 0.000000 0.000000 0.077554 0.077554 0.922446
GATT 0.000000 0.000000 0.280320 0.280320 0.719680
TCGT 0.000000 0.000000 0.024782 0.024782 0.975218
CGGT 0.000000 0.000000 0.046512 0.046512 0.953488
GAGC 0.000000 0.000000 0.132128 0.132128 0.867872
CCCT 0.000000 0.000000 0.012417 0.012417 0.987583
AAGT 0.000000 0.000000 0.099561 0.099561 0.900439
GTAA 0.000000 0.000000 0.036563 0.036563 0.963436
CCGG 0.000000 0.000000 0.105523 0.105523 0.894477
AGAA 0.000000 0.000000 0.026860 0.026860 0.973140
ATAT 0.000000 0.000000 0.012601 0.012601 0.987399
GTAC 0.000000 0.000000 0.151682 0.151682 0.848318
GACT 0.000000 0.000000 0.038126 0.038126 0.961874
AGAC 0.000000 0.000000 0.056587 0.056587 0.943413
AGTA 0.000000 0.000000 0.358396 0.358396 0.641604
GTTA 0.000000 0.000000 0.229958 0.229958 0.770042
GAGG 0.000000 0.000000 0.112183 0.112183 0.887817
ATGA 0.000000 0.000000 0.106747 0.106747 0.893253
GTTC 0.000000 0.000000 0.125136 0.125136 0.874864
ATTT 0.000000 0.000000 0.237461 0.237461 0.762539
AGTC 0.000000 0.000000 0.152691 0.152691 0.847309
GTAG 0.000000 0.000000 0.132793 0.132793 0.867207
ATGC 0.000000 0.000000 0.245423 0.245423 0.754577
AGAG 0.000000 0.000000 0.100626 0.100626 0.899374
GTCA 0.000000 0.000000 0.117640 0.117640 0.882360
AGCA 0.000000 0.000000 0.427534 0.427534 0.572466
GTCC 0.000000 0.000000 0.288338 0.288338 0.711662
ATCT 0.000000 0.000000 0.002121 0.002121 0.997879
GTTG 0.000000 0.000000 0.263883 0.263883 0.736117
AGTG 0.000000 0.000000 0.309332 0.309332 0.690668
AGCC 0.000000 0.000000 0.178637 0.178637 0.821363
ATGG 0.000000 0.000000 0.120268 0.120268 0.879732
GTCG 0.000000 0.000000 0.096429 0.096429 0.903571
CCGT 0.000000 0.000000 0.032263 0.032263 0.967737
AGCG 0.000000 0.000000 0.279363 0.279363 0.720637
ACAA 0.000000 0.000000 0.006219 0.006219 0.993781
GAGT 0.000000 0.000000 0.079593 0.079593 0.920407
GGAA 0.000000 0.000000 0.029037 0.029037 0.970963
ACAC 0.000000 0.000000 0.025333 0.025333 0.974667
ACTA 0.000000 0.000000 0.216623 0.216623 0.783377
GTAT 0.000000 0.000000 0.071750 0.071750 0.928250
GGAC 0.000000 0.000000 0.063733 0.063733 0.936267
AGAT 0.000000 0.000000 0.028149 0.028149 0.971851
GGTA 0.000000 0.000000 0.238450 0.238450 0.761550
ACTC 0.000000 0.000000 0.259045 0.259045 0.740955
GTGA 0.000000 0.000000 0.089605 0.089605 0.910395
ACAG 0.000000 0.000000 0.092850 0.092850 0.907150
AGGA 0.000000 0.000000 0.022023 0.022023 0.977977
GTTT 0.000000 0.000000 0.207332 0.207332 0.792668
GGTC 0.000000 0.000000 0.175213 0.175213 0.824787
AGTT 0.000000 0.000000 0.230131 0.230131 0.769869
ACCA 0.000000 0.000000 0.170079 0.170079 0.829921
ATGT 0.000000 0.000000 0.029436 0.029436 0.970564
GTGC 0.000000 0.000000 0.164782 0.164782 0.835218
GGAG 0.000000 0.000000 0.038364 0.038364 0.961636
AGGC 0.000000 0.000000 0.033289 0.033289 0.966711
GGCA 0.000000 0.000000 0.251841 0.251841 0.748159
ACCC 0.000000 0.000000 0.326351 0.326351 0.673649
ACTG 0.000000 0.000000 0.122717 0.122717 0.877283
GGCC 0.000000 0.000000 0.500413 0.500413 0.499587
GTCT 0.000000 0.000000 0.022838 0.022838 0.977162
GGTG 0.000000 0.000000 0.314705 0.314705 0.685295
AGCT 0.000000 0.000000 0.013633 0.013633 0.986367
GTGG 0.000000 0.000000 0.121648 0.121648 0.878352
AGGG 0.000000 0.000000 0.148617 0.148617 0.851383
ACCG 0.000000 0.000000 0.088477 0.088477 0.911523
TAAA 0.000000 0.000000 0.052152 0.052152 0.947848
GGCG 0.000000 0.000000 0.130204 0.130204 0.869796
TAAC 0.000000 0.000000 0.111850 0.111850 0.888150
TATA 0.000000 0.000000 0.210897 0.210897 0.789103
GCAA 0.000000 0.000000 0.061122 0.061122 0.938878
ACAT 0.000000 0.000000 0.054943 0.054943 0.945057
TATC 0.000000 0.000000 0.247908 0.247908 0.752092
GCAC 0.000000 0.000000 0.033214 0.033214 0.966786
TAAG 0.000000 0.000000 0.112327 0.112327 0.887673
GCTA 0.000000 0.000000 0.196612 0.196612 0.803387
GGAT 0.000000 0.000000 0.068294 0.068294 0.931706
TACA 0.000000 0.000000 0.206000 0.206000 0.794000
ACGA 0.000000 0.000000 0.058690 0.058690 0.941310
GCTC 0.000000 0.000000 0.058888 0.058888 0.941112
ACTT 0.000000 0.000000 0.471272 0.471272 0.528728
TATG 0.000000 0.000000 0.235639 0.235639 0.764361
TACC 0.000000 0.000000 0.211394 0.211394 0.788606
GGGA 0.000000 0.000000 0.017484 0.017484 0.982516
GCAG 0.000000 0.000000 0.084220 0.084220 0.915780
ACGC 0.000000 0.000000 0.037566 0.037566 0.962434
GCCA 0.000000 0.000000 0.055953 0.055953 0.944047
GGTT 0.000000 0.000000 0.286284 0.286284 0.713716
GTGT 0.000000 0.000000 0.023422 0.023422 0.976578
GGGC 0.000000 0.000000 0.090512 0.090512 0.909488
AGGT 0.000000 0.000000 0.042087 0.042087 0.957913
GCCC 0.000000 0.000000 0.428155 0.428155 0.571845
GCTG 0.000000 0.000000 0.280999 0.280999 0.719001
ACCT 0.000000 0.000000 0.010738 0.010738 0.989262
TACG 0.000000 0.000000 0.147302 0.147302 0.852698
ACGG 0.000000 0.000000 0.135488 0.135488 0.864512
GGCT 0.000000 0.000000 0.132807 0.132807 0.867193
GGGG 0.000000 0.000000 0.130487 0.130487 0.869512
CAAA 0.000000 0.000000 0.040460 0.040460 0.959540
GCCG 0.000000 0.000000 0.070927 0.070927 0.929073
CAAC 0.000000 0.000000 0.125092 0.125092 0.874908
CATA 0.000000 0.000000 0.320315 0.320315 0.679685
TAAT 0.000000 0.000000 0.020076 0.020076 0.979924
CATC 0.000000 0.000000 0.220843 0.220843 0.779157
TAGA 0.000000 0.000000 0.083968 0.083968 0.916032
CAAG 0.000000 0.000000 0.102831 0.102831 0.897169
TATT 0.000000 0.000000 0.127893 0.127893 0.872107
GCAT 0.000000 0.000000 0.123282 0.123282 0.876718
CACA 0.000000 0.000000 0.109851 0.109851 0.890149
TAGC 0.000000 0.000000 0.052619 0.052619 0.947381
TTAA 0.000000 0.000000 0.059999 0.059999 0.940001
GCGA 0.000000 0.000000 0.009002 0.009002 0.990998
CATG 0.000000 0.000000 0.250097 0.250097 0.749903
CACC 0.000000 0.000000 0.123241 0.123241 0.876759
GCTT 0.000000 0.000000 0.282476 0.282476 0.717524
TACT 0.000000 0.000000 0.010646 0.010646 0.989354
ACGT 0.000000 0.000000 0.065414 0.065414 0.934585
TTAC 0.000000 0.000000 0.180213 0.180213 0.819787
GCGC 0.000000 0.000000 0.072533 0.072533 0.927467
TTTA 0.000000 0.000000 0.117867 0.117867 0.882132
TAGG 0.000000 0.000000 0.120704 0.120704 0.879296
GGGT 0.000000 0.000000 0.046287 0.046287 0.953713
CACG 0.000000 0.000000 0.192373 0.192373 0.807627
TTTC 0.000000 0.000000 0.158163 0.158163 0.841837
GCCT 0.000000 0.000000 0.012079 0.012079 0.987921
GCGG 0.000000 0.000000 0.143007 0.143007 0.856993
TTAG 0.000000 0.000000 0.276296 0.276296 0.723704
TTCA 0.000000 0.000000 0.126260 0.126260 0.873740
TTCC 0.000000 0.000000 0.084568 0.084568 0.915432
TTTG 0.000000 0.000000 0.206266 0.206266 0.793734
CAAT 0.000000 0.000000 0.039010 0.039010 0.960990
CAGA 0.000000 0.000000 0.028324 0.028324 0.971676
CATT 0.000000 0.000000 0.168063 0.168063 0.831937
TTCG 0.000000 0.000000 0.057849 0.057849 0.942151
CAGC 0.000000 0.000000 0.033786 0.033786 0.966214
CTAA 0.000000 0.000000 0.079840 0.079840 0.920160
TAGT 0.000000 0.000000 0.039005 0.039005 0.960995
CACT 0.000000 0.000000 0.006081 0.006081 0.993919
TGAA 0.000000 0.000000 0.029263 0.029263 0.970737
CTAC 0.000000 0.000000 0.167116 0.167116 0.832883
CTTA 0.000000 0.000000 0.242507 0.242507 0.757493
CAGG 0.000000 0.000000 0.160522 0.160522 0.839478
TTAT 0.000000 0.000000 0.018026 0.018026 0.981974
GCGT 0.000000 0.000000 0.141806 0.141806 0.858194
TGAC 0.000000 0.000000 0.040662 0.040662 0.959338
TGTA 0.000000 0.000000 0.273900 0.273900 0.726100
CTTC 0.000000 0.000000 0.095605 0.095605 0.904395
AVG 0.000000 0.000000 0.134649 0.134649 0.865351
